2 1 2 h
0 0 2 h
4 4 2 h
5 2 3 h
1 0 3 v
4 0 2 v
1 3 3 v
1 5 3 v

2 1 2 h
0 0 2 h
4 4 2 h
5 2 3 h
1 0 3 v
4 0 2 v
2 3 3 v
1 5 3 v

2 1 2 h
0 0 2 h
4 4 2 h
5 2 3 h
1 0 3 v
4 0 2 v
2 3 3 v
0 5 3 v

2 1 2 h
0 0 2 h
4 4 2 h
5 3 3 h
1 0 3 v
4 0 2 v
2 3 3 v
0 5 3 v

2 1 2 h
0 0 2 h
4 4 2 h
5 3 3 h
1 0 3 v
4 0 2 v
2 3 3 v
1 5 3 v

2 1 2 h
0 0 2 h
4 4 2 h
5 3 3 h
1 0 3 v
4 0 2 v
1 3 3 v
1 5 3 v

2 1 2 h
0 0 2 h
4 4 2 h
5 3 3 h
1 0 3 v
4 0 2 v
1 3 3 v
0 5 3 v

2 1 2 h
0 0 2 h
4 4 2 h
5 3 3 h
1 0 3 v
4 0 2 v
0 3 3 v
0 5 3 v

2 1 2 h
0 0 2 h
4 4 2 h
5 3 3 h
1 0 3 v
4 0 2 v
0 3 3 v
1 5 3 v

2 1 2 h
0 0 2 h
4 4 2 h
5 2 3 h
1 0 3 v
4 0 2 v
0 3 3 v
1 5 3 v

2 1 2 h
0 0 2 h
4 4 2 h
5 2 3 h
1 0 3 v
4 0 2 v
0 3 3 v
0 5 3 v

2 1 2 h
0 0 2 h
4 4 2 h
5 1 3 h
1 0 3 v
4 0 2 v
0 3 3 v
0 5 3 v

2 1 2 h
0 0 2 h
4 4 2 h
5 1 3 h
1 0 3 v
4 0 2 v
0 3 3 v
1 5 3 v

2 1 2 h
0 0 2 h
4 4 2 h
5 1 3 h
1 0 3 v
4 0 2 v
1 3 3 v
1 5 3 v

2 1 2 h
0 0 2 h
4 3 2 h
5 1 3 h
1 0 3 v
4 0 2 v
1 3 3 v
1 5 3 v

2 1 2 h
0 0 2 h
4 2 2 h
5 1 3 h
1 0 3 v
4 0 2 v
1 3 3 v
1 5 3 v

2 1 2 h
0 0 2 h
4 2 2 h
5 1 3 h
1 0 3 v
4 0 2 v
1 3 3 v
0 5 3 v

2 1 2 h
0 0 2 h
4 2 2 h
5 1 3 h
1 0 3 v
4 0 2 v
0 3 3 v
0 5 3 v

2 1 2 h
0 0 2 h
4 2 2 h
5 1 3 h
1 0 3 v
4 0 2 v
0 3 3 v
1 5 3 v

2 1 2 h
0 0 2 h
4 2 2 h
5 2 3 h
1 0 3 v
4 0 2 v
0 3 3 v
1 5 3 v

2 1 2 h
0 0 2 h
4 2 2 h
5 2 3 h
1 0 3 v
4 0 2 v
0 3 3 v
2 5 3 v

2 1 2 h
0 0 2 h
4 2 2 h
5 3 3 h
1 0 3 v
4 0 2 v
0 3 3 v
2 5 3 v

2 1 2 h
0 0 2 h
4 2 2 h
5 3 3 h
1 0 3 v
4 0 2 v
0 3 3 v
1 5 3 v

2 1 2 h
0 0 2 h
4 2 2 h
5 3 3 h
1 0 3 v
4 0 2 v
0 3 3 v
0 5 3 v

2 1 2 h
0 0 2 h
4 2 2 h
5 3 3 h
1 0 3 v
4 0 2 v
1 3 3 v
0 5 3 v

2 1 2 h
0 0 2 h
4 2 2 h
5 3 3 h
1 0 3 v
4 0 2 v
1 3 3 v
1 5 3 v

2 1 2 h
0 0 2 h
4 2 2 h
5 3 3 h
1 0 3 v
4 0 2 v
1 3 3 v
2 5 3 v

2 1 2 h
0 0 2 h
4 1 2 h
5 3 3 h
1 0 3 v
4 0 2 v
1 3 3 v
2 5 3 v

2 1 2 h
0 0 2 h
4 1 2 h
5 3 3 h
1 0 3 v
4 0 2 v
1 3 3 v
1 5 3 v

2 1 2 h
0 0 2 h
4 1 2 h
5 3 3 h
1 0 3 v
4 0 2 v
1 3 3 v
0 5 3 v

2 1 2 h
0 0 2 h
4 1 2 h
5 3 3 h
1 0 3 v
4 0 2 v
2 3 3 v
0 5 3 v

2 1 2 h
0 0 2 h
4 1 2 h
5 3 3 h
1 0 3 v
4 0 2 v
2 3 3 v
1 5 3 v

2 1 2 h
0 0 2 h
4 1 2 h
5 3 3 h
1 0 3 v
4 0 2 v
2 3 3 v
2 5 3 v

2 1 2 h
0 0 2 h
4 1 2 h
5 2 3 h
1 0 3 v
4 0 2 v
2 3 3 v
2 5 3 v

2 1 2 h
0 0 2 h
4 1 2 h
5 2 3 h
1 0 3 v
4 0 2 v
2 3 3 v
3 5 3 v

2 1 2 h
0 0 2 h
4 1 2 h
5 1 3 h
1 0 3 v
4 0 2 v
2 3 3 v
3 5 3 v

2 1 2 h
0 0 2 h
4 1 2 h
5 1 3 h
1 0 3 v
4 0 2 v
2 3 3 v
2 5 3 v

2 1 2 h
0 0 2 h
4 1 2 h
5 1 3 h
1 0 3 v
4 0 2 v
2 3 3 v
1 5 3 v

2 1 2 h
0 1 2 h
4 1 2 h
5 1 3 h
1 0 3 v
4 0 2 v
2 3 3 v
1 5 3 v

2 1 2 h
0 1 2 h
4 1 2 h
5 1 3 h
0 0 3 v
4 0 2 v
2 3 3 v
1 5 3 v

2 1 2 h
0 1 2 h
4 1 2 h
5 1 3 h
0 0 3 v
4 0 2 v
2 3 3 v
2 5 3 v

2 1 2 h
0 1 2 h
4 1 2 h
5 1 3 h
0 0 3 v
3 0 2 v
2 3 3 v
2 5 3 v

2 1 2 h
0 1 2 h
4 1 2 h
5 0 3 h
0 0 3 v
3 0 2 v
2 3 3 v
2 5 3 v

2 1 2 h
0 1 2 h
4 1 2 h
5 0 3 h
0 0 3 v
3 0 2 v
3 3 3 v
2 5 3 v

2 1 2 h
0 1 2 h
4 1 2 h
5 0 3 h
0 0 3 v
3 0 2 v
3 3 3 v
3 5 3 v

2 2 2 h
0 1 2 h
4 1 2 h
5 0 3 h
0 0 3 v
3 0 2 v
3 3 3 v
3 5 3 v

2 3 2 h
0 1 2 h
4 1 2 h
5 0 3 h
0 0 3 v
3 0 2 v
3 3 3 v
3 5 3 v

2 4 2 h
0 1 2 h
4 1 2 h
5 0 3 h
0 0 3 v
3 0 2 v
3 3 3 v
3 5 3 v

