2 1 2 h
0 2 3 h
3 1 3 h
5 3 2 h
1 0 2 v
3 0 2 v
0 1 2 v
4 2 2 v
1 3 2 v
1 4 3 v
2 5 2 v
4 5 2 v

2 1 2 h
0 2 3 h
3 1 3 h
5 3 2 h
1 0 2 v
3 0 2 v
0 1 2 v
4 2 2 v
1 3 2 v
1 4 3 v
1 5 2 v
4 5 2 v

2 1 2 h
0 2 3 h
3 1 3 h
5 3 2 h
1 0 2 v
3 0 2 v
0 1 2 v
4 2 2 v
1 3 2 v
1 4 3 v
0 5 2 v
4 5 2 v

2 1 2 h
0 2 3 h
3 1 3 h
5 3 2 h
1 0 2 v
3 0 2 v
0 1 2 v
4 2 2 v
1 3 2 v
2 4 3 v
0 5 2 v
4 5 2 v

2 1 2 h
0 2 3 h
3 1 3 h
5 3 2 h
1 0 2 v
3 0 2 v
0 1 2 v
4 2 2 v
1 3 2 v
2 4 3 v
0 5 2 v
3 5 2 v

2 1 2 h
0 2 3 h
3 1 3 h
5 3 2 h
0 0 2 v
3 0 2 v
0 1 2 v
4 2 2 v
1 3 2 v
2 4 3 v
0 5 2 v
3 5 2 v

2 1 2 h
0 2 3 h
3 1 3 h
5 3 2 h
0 0 2 v
3 0 2 v
0 1 2 v
4 2 2 v
1 3 2 v
2 4 3 v
0 5 2 v
4 5 2 v

2 1 2 h
0 2 3 h
3 1 3 h
5 3 2 h
0 0 2 v
4 0 2 v
0 1 2 v
4 2 2 v
1 3 2 v
2 4 3 v
0 5 2 v
4 5 2 v

2 1 2 h
0 2 3 h
3 1 3 h
5 3 2 h
0 0 2 v
4 0 2 v
0 1 2 v
4 2 2 v
1 3 2 v
2 4 3 v
1 5 2 v
4 5 2 v

2 1 2 h
0 2 3 h
3 0 3 h
5 3 2 h
0 0 2 v
4 0 2 v
0 1 2 v
4 2 2 v
1 3 2 v
2 4 3 v
1 5 2 v
4 5 2 v

2 1 2 h
0 2 3 h
3 0 3 h
5 3 2 h
0 0 2 v
4 0 2 v
0 1 2 v
4 2 2 v
1 3 2 v
2 4 3 v
1 5 2 v
3 5 2 v

2 1 2 h
0 2 3 h
3 0 3 h
5 3 2 h
0 0 2 v
4 0 2 v
0 1 2 v
4 2 2 v
1 3 2 v
2 4 3 v
0 5 2 v
3 5 2 v

2 1 2 h
0 2 3 h
3 0 3 h
5 3 2 h
0 0 2 v
4 0 2 v
0 1 2 v
4 2 2 v
2 3 2 v
2 4 3 v
0 5 2 v
3 5 2 v

2 1 2 h
0 2 3 h
3 0 3 h
5 3 2 h
0 0 2 v
4 0 2 v
0 1 2 v
4 2 2 v
3 3 2 v
2 4 3 v
0 5 2 v
3 5 2 v

2 2 2 h
0 2 3 h
3 0 3 h
5 3 2 h
0 0 2 v
4 0 2 v
0 1 2 v
4 2 2 v
3 3 2 v
2 4 3 v
0 5 2 v
3 5 2 v

2 2 2 h
0 2 3 h
3 0 3 h
5 3 2 h
0 0 2 v
4 0 2 v
0 1 2 v
4 2 2 v
3 3 2 v
2 4 3 v
1 5 2 v
3 5 2 v

2 2 2 h
0 2 3 h
3 0 3 h
5 3 2 h
1 0 2 v
4 0 2 v
0 1 2 v
4 2 2 v
3 3 2 v
2 4 3 v
1 5 2 v
3 5 2 v

2 2 2 h
0 2 3 h
3 0 3 h
5 3 2 h
1 0 2 v
4 0 2 v
0 1 2 v
4 2 2 v
3 3 2 v
2 4 3 v
1 5 2 v
4 5 2 v

2 2 2 h
0 2 3 h
3 0 3 h
5 3 2 h
1 0 2 v
4 0 2 v
0 1 2 v
4 2 2 v
3 3 2 v
2 4 3 v
0 5 2 v
4 5 2 v

2 2 2 h
0 2 3 h
3 0 3 h
5 3 2 h
1 0 2 v
4 0 2 v
1 1 2 v
4 2 2 v
3 3 2 v
2 4 3 v
0 5 2 v
4 5 2 v

2 2 2 h
0 1 3 h
3 0 3 h
5 3 2 h
1 0 2 v
4 0 2 v
1 1 2 v
4 2 2 v
3 3 2 v
2 4 3 v
0 5 2 v
4 5 2 v

2 2 2 h
0 1 3 h
3 0 3 h
5 3 2 h
1 0 2 v
4 0 2 v
1 1 2 v
4 2 2 v
3 3 2 v
1 4 3 v
0 5 2 v
4 5 2 v

2 2 2 h
0 1 3 h
3 0 3 h
5 3 2 h
1 0 2 v
4 0 2 v
1 1 2 v
4 2 2 v
3 3 2 v
0 4 3 v
0 5 2 v
4 5 2 v

2 2 2 h
0 1 3 h
3 0 3 h
5 3 2 h
1 0 2 v
4 0 2 v
1 1 2 v
4 2 2 v
3 3 2 v
0 4 3 v
0 5 2 v
3 5 2 v

2 2 2 h
0 1 3 h
3 0 3 h
5 4 2 h
1 0 2 v
4 0 2 v
1 1 2 v
4 2 2 v
3 3 2 v
0 4 3 v
0 5 2 v
3 5 2 v

2 2 2 h
0 1 3 h
3 0 3 h
5 4 2 h
1 0 2 v
4 0 2 v
1 1 2 v
4 2 2 v
3 3 2 v
0 4 3 v
1 5 2 v
3 5 2 v

2 2 2 h
0 1 3 h
3 0 3 h
5 4 2 h
1 0 2 v
4 0 2 v
1 1 2 v
4 2 2 v
4 3 2 v
0 4 3 v
1 5 2 v
3 5 2 v

2 2 2 h
0 1 3 h
3 0 3 h
5 4 2 h
0 0 2 v
4 0 2 v
1 1 2 v
4 2 2 v
4 3 2 v
0 4 3 v
1 5 2 v
3 5 2 v

2 2 2 h
0 1 3 h
3 1 3 h
5 4 2 h
0 0 2 v
4 0 2 v
1 1 2 v
4 2 2 v
4 3 2 v
0 4 3 v
1 5 2 v
3 5 2 v

2 2 2 h
0 1 3 h
3 2 3 h
5 4 2 h
0 0 2 v
4 0 2 v
1 1 2 v
4 2 2 v
4 3 2 v
0 4 3 v
1 5 2 v
3 5 2 v

2 2 2 h
0 1 3 h
3 2 3 h
5 4 2 h
0 0 2 v
4 0 2 v
1 1 2 v
4 2 2 v
4 3 2 v
0 4 3 v
0 5 2 v
3 5 2 v

2 2 2 h
0 1 3 h
3 2 3 h
5 4 2 h
0 0 2 v
3 0 2 v
1 1 2 v
4 2 2 v
4 3 2 v
0 4 3 v
0 5 2 v
3 5 2 v

2 2 2 h
0 1 3 h
3 2 3 h
5 4 2 h
0 0 2 v
3 0 2 v
1 1 2 v
4 2 2 v
4 3 2 v
0 4 3 v
1 5 2 v
3 5 2 v

2 2 2 h
0 1 3 h
3 2 3 h
5 4 2 h
0 0 2 v
3 0 2 v
2 1 2 v
4 2 2 v
4 3 2 v
0 4 3 v
1 5 2 v
3 5 2 v

2 2 2 h
0 1 3 h
3 2 3 h
5 4 2 h
0 0 2 v
3 0 2 v
3 1 2 v
4 2 2 v
4 3 2 v
0 4 3 v
1 5 2 v
3 5 2 v

2 2 2 h
0 1 3 h
3 2 3 h
5 4 2 h
0 0 2 v
3 0 2 v
4 1 2 v
4 2 2 v
4 3 2 v
0 4 3 v
1 5 2 v
3 5 2 v

2 2 2 h
0 1 3 h
3 2 3 h
5 4 2 h
0 0 2 v
2 0 2 v
4 1 2 v
4 2 2 v
4 3 2 v
0 4 3 v
1 5 2 v
3 5 2 v

2 2 2 h
0 1 3 h
3 1 3 h
5 4 2 h
0 0 2 v
2 0 2 v
4 1 2 v
4 2 2 v
4 3 2 v
0 4 3 v
1 5 2 v
3 5 2 v

2 2 2 h
0 1 3 h
3 1 3 h
5 4 2 h
0 0 2 v
3 0 2 v
4 1 2 v
4 2 2 v
4 3 2 v
0 4 3 v
1 5 2 v
3 5 2 v

2 2 2 h
0 1 3 h
3 1 3 h
5 4 2 h
0 0 2 v
3 0 2 v
4 1 2 v
4 2 2 v
4 3 2 v
1 4 3 v
1 5 2 v
3 5 2 v

2 2 2 h
0 1 3 h
3 1 3 h
5 4 2 h
0 0 2 v
4 0 2 v
4 1 2 v
4 2 2 v
4 3 2 v
1 4 3 v
1 5 2 v
3 5 2 v

2 2 2 h
0 1 3 h
3 0 3 h
5 4 2 h
0 0 2 v
4 0 2 v
4 1 2 v
4 2 2 v
4 3 2 v
1 4 3 v
1 5 2 v
3 5 2 v

2 2 2 h
0 1 3 h
3 0 3 h
5 4 2 h
0 0 2 v
4 0 2 v
4 1 2 v
4 2 2 v
4 3 2 v
2 4 3 v
1 5 2 v
3 5 2 v

2 2 2 h
0 1 3 h
3 0 3 h
5 4 2 h
0 0 2 v
4 0 2 v
4 1 2 v
4 2 2 v
3 3 2 v
2 4 3 v
1 5 2 v
3 5 2 v

2 2 2 h
0 1 3 h
3 0 3 h
5 4 2 h
0 0 2 v
4 0 2 v
4 1 2 v
4 2 2 v
3 3 2 v
1 4 3 v
1 5 2 v
3 5 2 v

2 2 2 h
0 1 3 h
3 0 3 h
5 4 2 h
1 0 2 v
4 0 2 v
4 1 2 v
4 2 2 v
3 3 2 v
1 4 3 v
1 5 2 v
3 5 2 v

2 2 2 h
0 0 3 h
3 0 3 h
5 4 2 h
1 0 2 v
4 0 2 v
4 1 2 v
4 2 2 v
3 3 2 v
1 4 3 v
1 5 2 v
3 5 2 v

2 2 2 h
0 0 3 h
3 0 3 h
5 4 2 h
1 0 2 v
4 0 2 v
4 1 2 v
4 2 2 v
3 3 2 v
1 4 3 v
0 5 2 v
3 5 2 v

2 1 2 h
0 0 3 h
3 0 3 h
5 4 2 h
1 0 2 v
4 0 2 v
4 1 2 v
4 2 2 v
3 3 2 v
1 4 3 v
0 5 2 v
3 5 2 v

2 1 2 h
0 0 3 h
3 0 3 h
5 4 2 h
1 0 2 v
4 0 2 v
4 1 2 v
4 2 2 v
3 3 2 v
0 4 3 v
0 5 2 v
3 5 2 v

2 1 2 h
0 0 3 h
3 0 3 h
5 4 2 h
1 0 2 v
4 0 2 v
4 1 2 v
4 2 2 v
2 3 2 v
0 4 3 v
0 5 2 v
3 5 2 v

2 1 2 h
0 0 3 h
3 0 3 h
5 4 2 h
1 0 2 v
4 0 2 v
4 1 2 v
4 2 2 v
2 3 2 v
0 4 3 v
1 5 2 v
3 5 2 v

2 1 2 h
0 0 3 h
3 0 3 h
5 4 2 h
1 0 2 v
4 0 2 v
4 1 2 v
4 2 2 v
1 3 2 v
0 4 3 v
1 5 2 v
3 5 2 v

2 1 2 h
0 0 3 h
3 0 3 h
5 4 2 h
1 0 2 v
4 0 2 v
4 1 2 v
4 2 2 v
0 3 2 v
0 4 3 v
1 5 2 v
3 5 2 v

2 2 2 h
0 0 3 h
3 0 3 h
5 4 2 h
1 0 2 v
4 0 2 v
4 1 2 v
4 2 2 v
0 3 2 v
0 4 3 v
1 5 2 v
3 5 2 v

2 2 2 h
0 0 3 h
3 1 3 h
5 4 2 h
1 0 2 v
4 0 2 v
4 1 2 v
4 2 2 v
0 3 2 v
0 4 3 v
1 5 2 v
3 5 2 v

2 2 2 h
0 0 3 h
3 2 3 h
5 4 2 h
1 0 2 v
4 0 2 v
4 1 2 v
4 2 2 v
0 3 2 v
0 4 3 v
1 5 2 v
3 5 2 v

2 2 2 h
0 0 3 h
3 2 3 h
5 3 2 h
1 0 2 v
4 0 2 v
4 1 2 v
4 2 2 v
0 3 2 v
0 4 3 v
1 5 2 v
3 5 2 v

2 2 2 h
0 0 3 h
3 2 3 h
5 3 2 h
2 0 2 v
4 0 2 v
4 1 2 v
4 2 2 v
0 3 2 v
0 4 3 v
1 5 2 v
3 5 2 v

2 2 2 h
0 0 3 h
3 2 3 h
5 3 2 h
2 0 2 v
4 0 2 v
4 1 2 v
4 2 2 v
0 3 2 v
0 4 3 v
1 5 2 v
4 5 2 v

2 2 2 h
0 0 3 h
3 2 3 h
5 3 2 h
2 0 2 v
4 0 2 v
3 1 2 v
4 2 2 v
0 3 2 v
0 4 3 v
1 5 2 v
4 5 2 v

2 2 2 h
0 0 3 h
3 3 3 h
5 3 2 h
2 0 2 v
4 0 2 v
3 1 2 v
4 2 2 v
0 3 2 v
0 4 3 v
1 5 2 v
4 5 2 v

2 2 2 h
0 0 3 h
3 3 3 h
5 3 2 h
2 0 2 v
4 0 2 v
2 1 2 v
4 2 2 v
0 3 2 v
0 4 3 v
1 5 2 v
4 5 2 v

2 2 2 h
0 0 3 h
3 3 3 h
5 3 2 h
2 0 2 v
4 0 2 v
2 1 2 v
3 2 2 v
0 3 2 v
0 4 3 v
1 5 2 v
4 5 2 v

2 2 2 h
0 0 3 h
3 3 3 h
5 3 2 h
2 0 2 v
4 0 2 v
1 1 2 v
3 2 2 v
0 3 2 v
0 4 3 v
1 5 2 v
4 5 2 v

2 2 2 h
0 0 3 h
3 3 3 h
5 3 2 h
1 0 2 v
4 0 2 v
1 1 2 v
3 2 2 v
0 3 2 v
0 4 3 v
1 5 2 v
4 5 2 v

2 2 2 h
0 0 3 h
3 3 3 h
5 3 2 h
1 0 2 v
3 0 2 v
1 1 2 v
3 2 2 v
0 3 2 v
0 4 3 v
1 5 2 v
4 5 2 v

2 2 2 h
0 0 3 h
3 3 3 h
5 3 2 h
1 0 2 v
3 0 2 v
1 1 2 v
3 2 2 v
0 3 2 v
0 4 3 v
0 5 2 v
4 5 2 v

2 2 2 h
0 0 3 h
3 3 3 h
5 3 2 h
1 0 2 v
3 0 2 v
1 1 2 v
4 2 2 v
0 3 2 v
0 4 3 v
0 5 2 v
4 5 2 v

2 2 2 h
0 0 3 h
3 3 3 h
5 3 2 h
1 0 2 v
4 0 2 v
1 1 2 v
4 2 2 v
0 3 2 v
0 4 3 v
0 5 2 v
4 5 2 v

2 2 2 h
0 0 3 h
3 3 3 h
5 3 2 h
1 0 2 v
4 0 2 v
1 1 2 v
3 2 2 v
0 3 2 v
0 4 3 v
0 5 2 v
4 5 2 v

2 2 2 h
0 0 3 h
3 3 3 h
5 3 2 h
2 0 2 v
4 0 2 v
1 1 2 v
3 2 2 v
0 3 2 v
0 4 3 v
0 5 2 v
4 5 2 v

2 2 2 h
0 0 3 h
3 3 3 h
5 2 2 h
2 0 2 v
4 0 2 v
1 1 2 v
3 2 2 v
0 3 2 v
0 4 3 v
0 5 2 v
4 5 2 v

2 2 2 h
0 0 3 h
3 3 3 h
5 1 2 h
2 0 2 v
4 0 2 v
1 1 2 v
3 2 2 v
0 3 2 v
0 4 3 v
0 5 2 v
4 5 2 v

2 2 2 h
0 0 3 h
3 3 3 h
5 1 2 h
1 0 2 v
4 0 2 v
1 1 2 v
3 2 2 v
0 3 2 v
0 4 3 v
0 5 2 v
4 5 2 v

2 2 2 h
0 0 3 h
3 3 3 h
5 1 2 h
1 0 2 v
4 0 2 v
1 1 2 v
3 2 2 v
0 3 2 v
0 4 3 v
1 5 2 v
4 5 2 v

2 2 2 h
0 0 3 h
3 3 3 h
5 1 2 h
1 0 2 v
4 0 2 v
2 1 2 v
3 2 2 v
0 3 2 v
0 4 3 v
1 5 2 v
4 5 2 v

2 2 2 h
0 0 3 h
3 3 3 h
5 1 2 h
1 0 2 v
4 0 2 v
3 1 2 v
3 2 2 v
0 3 2 v
0 4 3 v
1 5 2 v
4 5 2 v

2 2 2 h
0 0 3 h
3 3 3 h
5 1 2 h
1 0 2 v
3 0 2 v
3 1 2 v
3 2 2 v
0 3 2 v
0 4 3 v
1 5 2 v
4 5 2 v

2 2 2 h
0 0 3 h
3 3 3 h
5 0 2 h
1 0 2 v
3 0 2 v
3 1 2 v
3 2 2 v
0 3 2 v
0 4 3 v
1 5 2 v
4 5 2 v

2 2 2 h
0 0 3 h
3 3 3 h
5 0 2 h
1 0 2 v
3 0 2 v
3 1 2 v
4 2 2 v
0 3 2 v
0 4 3 v
1 5 2 v
4 5 2 v

2 2 2 h
0 0 3 h
3 2 3 h
5 0 2 h
1 0 2 v
3 0 2 v
3 1 2 v
4 2 2 v
0 3 2 v
0 4 3 v
1 5 2 v
4 5 2 v

2 2 2 h
0 0 3 h
3 2 3 h
5 0 2 h
1 0 2 v
3 0 2 v
3 1 2 v
4 2 2 v
0 3 2 v
0 4 3 v
0 5 2 v
4 5 2 v

2 2 2 h
0 0 3 h
3 2 3 h
5 0 2 h
1 0 2 v
3 0 2 v
2 1 2 v
4 2 2 v
0 3 2 v
0 4 3 v
0 5 2 v
4 5 2 v

2 2 2 h
0 0 3 h
3 2 3 h
5 0 2 h
1 0 2 v
3 0 2 v
1 1 2 v
4 2 2 v
0 3 2 v
0 4 3 v
0 5 2 v
4 5 2 v

2 2 2 h
0 0 3 h
3 2 3 h
5 0 2 h
1 0 2 v
3 0 2 v
1 1 2 v
4 2 2 v
0 3 2 v
0 4 3 v
0 5 2 v
3 5 2 v

2 2 2 h
0 0 3 h
3 2 3 h
5 0 2 h
1 0 2 v
3 0 2 v
1 1 2 v
4 2 2 v
0 3 2 v
0 4 3 v
1 5 2 v
3 5 2 v

2 2 2 h
0 0 3 h
3 2 3 h
5 0 2 h
1 0 2 v
3 0 2 v
1 1 2 v
4 2 2 v
0 3 2 v
0 4 3 v
1 5 2 v
4 5 2 v

2 2 2 h
0 0 3 h
3 2 3 h
5 0 2 h
1 0 2 v
3 0 2 v
1 1 2 v
4 2 2 v
0 3 2 v
0 4 3 v
2 5 2 v
4 5 2 v

2 2 2 h
0 0 3 h
3 1 3 h
5 0 2 h
1 0 2 v
3 0 2 v
1 1 2 v
4 2 2 v
0 3 2 v
0 4 3 v
2 5 2 v
4 5 2 v

2 2 2 h
0 0 3 h
3 1 3 h
5 0 2 h
1 0 2 v
3 0 2 v
1 1 2 v
4 2 2 v
0 3 2 v
1 4 3 v
2 5 2 v
4 5 2 v

2 2 2 h
0 0 3 h
3 1 3 h
5 0 2 h
1 0 2 v
3 0 2 v
1 1 2 v
4 2 2 v
0 3 2 v
2 4 3 v
2 5 2 v
4 5 2 v

2 2 2 h
0 0 3 h
3 1 3 h
5 0 2 h
1 0 2 v
3 0 2 v
1 1 2 v
4 2 2 v
0 3 2 v
3 4 3 v
2 5 2 v
4 5 2 v

2 3 2 h
0 0 3 h
3 1 3 h
5 0 2 h
1 0 2 v
3 0 2 v
1 1 2 v
4 2 2 v
0 3 2 v
3 4 3 v
2 5 2 v
4 5 2 v

2 3 2 h
0 0 3 h
3 1 3 h
5 0 2 h
1 0 2 v
3 0 2 v
1 1 2 v
4 2 2 v
0 3 2 v
3 4 3 v
1 5 2 v
4 5 2 v

2 3 2 h
0 0 3 h
3 1 3 h
5 0 2 h
1 0 2 v
3 0 2 v
1 1 2 v
4 2 2 v
0 3 2 v
3 4 3 v
0 5 2 v
4 5 2 v

2 4 2 h
0 0 3 h
3 1 3 h
5 0 2 h
1 0 2 v
3 0 2 v
1 1 2 v
4 2 2 v
0 3 2 v
3 4 3 v
0 5 2 v
4 5 2 v

